1. feature only
[[15  1  3  1  2  2  3  3]
 [ 0 13  1  0  0 17  3  0]
 [ 1  5 17  0  1  2  3  1]
 [ 3  3  5  8  0  3  1  3]
 [ 2  1  4  2  8  7  1  3]
 [ 0  5  0  3  1  9  4  1]
 [ 0  2  3  2  0 12 10  0]
 [ 3  1  3  2  6  5  1 10]]

2. feature gender
[[20  2  0  1  2  3  0  1]
 [ 1 11  8  0  0 12  5  1]
 [ 1  1 13  1  1  1  1  3]
 [ 0  4  4 13  2  1  4  0]
 [ 4  1  2  3  8  7  1  2]
 [ 0  8  2  0  1 10  0  4]
 [ 0  9  1  1  0  2 17  0]
 [ 5  0  2  3  1  8  0 12]]

3. feature gender intensity

[[18  0  0  0  6  0  2]
 [ 0 22  0  0  0  2  0]
 [ 0  3 19  1  2  1  5]
 [ 0  0  2 18  6  4  0]
 [ 1  0  3  2 15  5  5]
 [ 0  3  5  0  6 15  2]
 [ 0  2  8  1  7  4  7]]
