1. feature only
[[18  0  3  0  2  1  1  3]
 [ 2 16  1  2  2  4  3  0]
 [ 3  5 14  4  3  2  2  1]
 [ 3  0  4 14  7  0  2  1]
 [ 3  1  3  1 12  1  2  2]
 [ 1  6  2  0  2  9  3  1]
 [ 0  7  2  1  2  6 10  3]
 [ 1  4  1  1  3  3  2 13]]

2. feature gender
[[22  0  4  2  2  1  0  1]
 [ 0 13  0  0  4  3  6  1]
 [ 4  1 14  3  0  1  0  2]
 [ 0  1  0 23  5  1  2  2]
 [ 3  4  1  3 12  1  2  2]
 [ 1  9  2  2  3 10  4  0]
 [ 1  3  0  0  0  8 13  4]
 [ 1  2  4  4  2  4  1  7]]

3.feature gender intensity
[[29  0  1  1  2  0  0]
 [ 0 26  2  0  0  1  5]
 [ 0  4 19  0  0  1  3]
 [ 4  0  0 21  1  2  0]
 [ 1  1  2  5 12  0  2]
 [ 0  3  3  3  0 22  2]
 [ 0  1  3  0  3  2 15]]

